1234 1234 1234 1234
qwerty
dadi sdgs serf qyhe
62
4
622126
3467 543678 26357
3784 509678 17843
3468 928109 47039
3554 4067 0211 3302
3577 9391 5917 8868
3564 8180 4376 1292
3536 1060 1704 8325
5417 8891 8967 2423
5595 7937 6983 6594
5240 0573 5073 5352
4139 9489 1311 6766
4407 9911 1513 0461
4606 4832 7614 9836
4701 7811 0230 9035
4977 2037 2077 9272
3003 501933 6189
3015 502597 5893
3043 766784 8210
6011 5723 3286 4497
2200 6234 2376 1373
2204 7593 2650 6803
6212 4888 8888 8888
6217 0088 8888 8888 888
+235 2235 235 235 52
4977 -2037 2077 9272
4977 -037 2077 9272